ADD32 = [239, 190, 173, 222, 173, 222, 225, 254, 55, 19, 55, 19, 102, 116, 99, 103]
XOR   = [118, 88, 180, 73, 141, 26, 95, 56, 212, 35, 248, 52, 235, 134, 249, 170]

Flag: 
        [67, 84, 70, 123, 83, 49, 77, 68, 102, 48, 52, 77, 54, 33, 125, 0]
        CTF{S1MDf04M6!}
PSHUFB: 
        [70, 77, 68, 84, 49, 77, 48, 125, 123, 0, 83, 102, 52, 54, 33, 67]
        FMDT1M0}{Sf46!C
PADDD: 
        [53, 12, 242, 50, 222, 43, 18, 124, 178, 19, 138, 121, 154, 170, 132, 170]
        5
         ò2Þ+|²yª
                 ª
PXOR: 
        [67, 84, 70, 123, 83, 49, 77, 68, 102, 48, 114, 77, 113, 44, 125, 0]
        CTF{S1MDf0rMq,}


C T F { S 1 M D f 0 4 M 6 ! } x

F M D T 1 M 0 } { x S f 4 6 ! C




(123 + 55)